4835 39031 4835
3742 3128 4740 4546 4478 3216 1924
848 28915 848
4718 44145 4718
4213 40022 4213
7557 2992 4034 1879 1269 690 1657
7425 44609 7425
2597 43863 4680 1651 6980 4924 7188
977 28617 5584 5960 5531 6653 400
2810 40360 2810
2882 29247 2882
6739 32087 4755 4157 2908 7150 2589
4326 36711 4326
3740 27658 5768 3933 6 648 7518
213 46774 213
5723 22547 6387 4214 3500 641 4560
3778 48947 4539 4683 3927 7355 3904
697 2981 3722 4660 4464 2691 2293
2222 5535 3374 6099 5073 2709 2809
2769 34171 3579 5211 2589 3558 1777
1547 17803 4482 5865 3466 4621 526
245 3011 178 1091 2184 4233 5282
4140 45692 4140
4035 14765 5636 5603 2624 4824 4106
4060 17243 4060
6373 36549 6373
1579 21073 5804 4655 7083 4593 3540
5424 2439 397 2826 1474 6481 888
3589 7842 3908 888 3648 1489 6169
3915 27332 3915
7207 39442 7207
7019 38141 579 1210 1459 5158 5101
6955 46867 6955
275 10926 4120 1083 6916 958 5332
3334 39594 3334
5929 14754 5929
6945 8264 1056 4588 3470 6990 6733
6373 10210 5446 5956 1130 3051 3855
553 1103 5803 1916 4191 581 4269
2384 14048 1830 1352 6078 3967 6338
7233 16847 4715 7568 2652 4170 4176
2498 7091 1825 1099 5020 3185 5317
3066 15823 6500 4924 4060 7448 3298
2200 42343 1776 6548 3982 6716 405
3105 44161 4623 7048 5674 6172 6018
630 39885 630
3238 43853 3238
6365 29775 6015 1971 878 4849 3476
3960 37875 3960
7114 39366 7114
581 47803 581
5593 34864 7049 5814 5717 187 534
5070 45519 6876 4292 5031 439 2015
3851 24594 3851
2202 39388 2202
1360 49392 127 4245 3552 593 6356
6981 45171 6981
4081 36675 4081
6553 7044 2921 4191 5047 7150 2325
183 32530 183
3179 31987 2807 6168 1301 6704 5040
742 25185 3739 5783 6976 4918 3584
6136 49782 6136
5161 41083 121 4702 5385 2304 4810
2056 2060 1366 3420 5337 1373 1236
1485 24150 1485
4398 5503 5351 1461 6493 2649 5888
4808 23095 6138 535 7039 807 4664
6848 8467 6848
80 27981 80
5365 5654 5803 540 5047 3185 4191
2921 10724 2921
6728 13565 1556 2389 5798 4080 5411
2368 12337 129 5153 2273 4611 6280
1704 27078 1704
5338 43860 1399 6357 6822 7047 2088
5536 45904 5536
5794 29860 7074 576 887 4588 4425
548 45886 548
2273 32917 2273
2163 21773 450 620 7278 5121 4037
3474 4841 180 1118 1952 2587 2181
6347 20153 18 7425 3259 2840 46
2000 35143 2000
6378 40308 6378
1436 34771 2832 7383 648 5867 5231
6283 35815 6283
793 36992 793
218 42203 667 855 7426 868 4651
7196 44847 7196
6658 6432 4893 4660 705 4438 5848
7482 28479 3940 5139 6310 7473 3252
6902 14320 6918 6138 799 304 5321
5019 21531 3981 1904 7122 6672 6917
242 18226 242
4903 3754 5297 1755 5129 980 227
370 8701 2282 3827 5822 6808 3327
6022 13513 3350 1083 5332 958 3704
2233 8413 2921 5047 4191 540 5311
3500 35359 3500
5422 28409 2822 5622 5271 604 5040
6008 6094 1119 1625 2087 2724 7018
3375 16184 3375
5330 22981 3601 6462 2415 2562 2664
7176 9428 1653 3475 3672 7288 1036
1776 22032 1776
3649 9483 7133 841 980 4948 3758
456 16112 6175 99 7240 5895 7189
207 22350 207
1899 15877 1191 2190 2176 6292 2853
6954 18285 630 6169 6447 1262 6797
2636 41287 6637 5638 1299 4594 1068
5049 9807 3967 7200 6338 1830 5646
7493 41177 7493
1632 26851 3579 302 6283 6309 6913
633 49557 633
7206 15208 7423 1017 1580 2724 4095
7524 15065 7524
6266 20750 4712 6458 559 3404 6197
6700 2752 6052 486 6662 5722 4233
5156 31495 3580 2055 4949 3375 4396
3108 1950 799 4767 6918 2709 6076
4632 12967 7033 4573 3058 5725 4628
3954 49702 3954
5652 14621 5804 94 4770 242 5522
6408 27741 6408
1812 16563 5502 4814 1832 1611 5753
7451 27618 4420 1708 4464 4139 4994
3547 15233 4106 6867 1739 5016 2869
6759 26163 1462 98 7321 1241 6931
1894 7598 5342 7546 5924 2147 3051
1745 5492 2538 1485 4543 578 7513
1840 27748 5837 2262 818 5435 4139
4216 26362 911 979 5636 2738 2673
345 49834 345
5001 8988 873 4548 1591 578 2161
4658 29131 2315 1546 970 4776 3987
2961 41022 2961
988 22151 274 3509 1553 7164 4718
4250 11770 257 6370 1056 4588 5463
1487 44343 1487
2228 41099 2228
4245 6766 1527 4540 3358 1059 3645
906 7186 613 6727 5058 6055 4115
2109 49357 2109
4377 48916 4377
1707 43758 1707
2958 26418 5753 2899 1812 4895 776
1777 34652 1777
4675 45247 4675
4160 17182 6859 1830 5451 4935 7200
3933 41205 3933
6419 20483 3428 104 2809 6307 6118
2245 12412 6565 6383 1830 985 5960
762 5998 3374 2709 5073 3577 6099
7379 49978 7379
5868 7211 799 6918 28 480 5661
5719 33344 5719
636 29691 2173 1747 1366 3286 7282
4451 36610 4451
6708 20672 6708
5644 16330 5644
52 47344 52
2892 22481 249 1674 2810 2450 1580
1691 20715 7198 1236 1762 5676 3981
6811 14164 128 6670 1615 7453 4338
6326 37789 6326
5211 30295 5211
5546 11891 4994 5473 2169 1681 4627
667 36157 667
6342 28831 6342
6536 18805 6536
3534 48820 3534
3656 8150 6231 2560 7249 6607 3588
5535 32344 5535
761 10393 4927 721 5038 2035 3606
6944 9400 2184 5282 1461 5351 2649
5219 20195 2934 1362 799 284 3258
3936 23432 4284 6001 646 6348 2775
4549 1257 2724 1625 4095 1083 7018
5582 16424 1562 1586 4816 5502 6755
5486 48328 7299 3690 4443 2840 5304
5163 37412 5163
6307 20245 6307
5513 33678 5513
6157 2122 4021 1236 4487 3420 3560
5529 36819 5529
2421 23476 4843 3327 4459 7143 1130
7468 28046 479 4060 28 283 5955
750 6705 3641 4416 5717 6878 3440
4088 44668 4088
4214 38088 4214
1020 25944 1020
1526 35484 1526
4455 11381 4715 4060 4924 28 2019
7085 45899 7085
6564 31780 6564
5880 18694 5880
4818 22732 4818
3393 38898 4089 6268 7344 4256 2010
317 11238 317
5043 39302 5043
5539 24675 5870 5325 3453 4305 4355
1009 44972 1009
2496 31214 2496
2667 29565 2523 6282 4437 6501 35
4004 31319 4828 2136 4201 2869 2007
1835 21732 6408 5865 1612 3918 400
1479 41083 4666 4458 6173 4125 292
4459 38763 4459
609 18750 5134 6870 379 3291 4970
2346 16317 3358 1858 1565 1294 1588
873 15067 873
7359 46666 7359
6817 48303 6817
1844 35014 2001 2725 6260 19 2952
4792 49707 4792
7249 35902 7249
1580 48841 1580
4407 28446 816 3678 6408 2650 5531
5210 5050 5210
1922 49127 1922
7553 49538 7102 429 3519 2663 6858
3994 15626 3994
5010 48623 5010
6889 4769 2856 5717 2733 534 1728
4636 24745 4479 4628 7212 3090 6131
1510 44795 1510
966 29387 966
5220 9100 1627 2389 5411 778 5798
2490 37397 4059 4084 2005 7016 3387
3251 34338 3251
639 28221 3624 4918 650 411 5608
1557 34566 1557
4968 13565 1764 7209 6655 5651 1952
7034 19858 2577 985 4051 5267 3851
3002 38688 3002
1255 40785 1255
6648 38286 7212 2924 1845 4628 3622
1376 34424 7090 3942 2699 2616 6618
6989 43923 6989
4253 10871 4253
3010 29185 6267 4824 2389 4106 4790
2876 9321 7270 2893 2621 4731 308
792 38826 4654 3809 2724 2182 6046
910 30313 4924 2026 5133 4060 153
3948 47221 3948
4115 23992 4115
2222 11001 5707 6125 3374 2114 104
6201 28002 5502 1611 4415 1878 5239
946 39557 3394 277 1941 1989 7504
5918 26317 6806 5880 4507 5463 3100
7453 48123 7453
6739 44648 4992 1860 5814 6967 4755
3629 37617 3629
5054 13315 6125 4887 6639 7568 542
1932 27882 1932
2782 13357 6800 478 5479 6182 1282
7016 13707 1906 1676 6381 6922 3672
93 3972 560 5089 4859 3463 7177
223 24835 223
871 28606 7005 3108 1084 6380 4902
189 13229 189
7196 40349 7560 6463 1276 1258 4414
225 10825 4438 428 5725 3141 3058
6754 30232 6754
6443 30213 6443
1908 24535 5768 1404 6791 2908 6111
1763 11134 6493 6451 1389 519 550
2030 2621 1625 5289 99 4095 2380
892 23813 892
5478 47877 5478
83 44459 83
7087 49867 7087
3598 3347 6791 4191 2921 5047 5516
2388 3051 4740 4478 690 4546 5968
231 38840 4688 7424 7094 6400 1887
2432 25903 3771 1952 5963 3856 4184
2721 20758 4507 5978 4844 111 1742
7547 40418 5623 3688 5357 2409 6136
3791 48822 2461 6830 84 1613 2022
5555 23918 6878 2647 6443 3523 3641
3394 27255 3394
7322 16041 1456 5822 2612 1130 1450
7133 21021 7133
7003 18555 4001 5661 799 7241 5114
2172 5016 4737 3477 4682 2008 5025
2537 22211 2537
2254 16371 4718 990 755 565 1433
2451 20570 3744 454 1060 2020 7496
7324 37732 7324
3784 34913 3784
5643 26965 2423 1958 4887 6998 450
7023 21996 1926 777 5245 6501 1729
5238 31295 5238
1093 11638 2151 7568 2573 7292 6125
83 13986 249 3146 3588 1674 5071
3527 48671 3527
1690 17561 7405 1825 5496 3183 5803
6014 2596 1007 6958 4669 7325 4370
3754 39797 3754
1620 26682 1620
2646 10417 4037 7568 4715 28 7278
632 47467 632
6991 12409 304 799 1056 4197 3374
2049 48758 2049
7468 46326 7468
2732 42613 4012 2594 6699 1053 3410
4212 2852 7177 180 4044 4095 1083
4422 32784 4422
2502 10108 2533 4949 5929 909 1474
3002 9994 3002
1291 22287 4246 2155 376 5649 630
4259 22497 4259
4296 3398 3002 5007 3394 4233 6327
2988 49063 2988
5719 5729 1118 776 4760 1952 7219
2123 35123 2123
4914 34416 4914
4872 49898 4872
5363 29481 1143 129 2273 2368 1919
1489 25445 1489
2193 21320 918 5516 7524 5479 4135
7491 27034 1971 4849 3476 1136 484
2697 41625 2697
5310 33376 5310
5585 26431 7212 3090 1428 1845 1112
5371 19288 4874 3893 6800 5803 3330
5625 12265 5625
3519 35437 7256 4433 2337 4546 5940
6745 34401 3324 6307 6370 5463 7163
1207 24580 1395 1350 2496 2714 4139
4894 31126 2390 1492 3651 59 2630
2135 25250 2135
3847 27302 1056 2864 3470 6733 4588
3103 18148 6984 5980 774 6104 2447
3983 6821 5914 5661 28 6611 799
601 38471 5552 4588 3374 7074 5707
79 33003 736 6207 1904 7026 1691
270 28454 3584 4794 1830 742 6976
5655 31656 5655
1951 25813 2486 5963 6966 5925 3087
1556 12386 7113 5798 1185 2389 4824
836 4779 6727 6841 4115 5906 5529
5572 4131 1096 4451 6946 5722 1439
680 9833 6946 5722 6185 6458 5472
2242 21009 2242
3800 46009 3800
2917 10901 1096 5722 6946 5472 178
7120 20961 7120
3410 42402 3410
6810 39555 2810 1580 7141 1044 249
331 49970 331
5874 5011 4682 2008 5025 3678 5583
2225 23047 2934 3258 7039 6138 3950
2700 15811 1095 2046 6175 2257 6168
622 22737 622
2357 17854 2357
4087 30647 5622 99 2181 2700 1095
2734 12753 6672 5695 6930 908 6002
1330 45310 1330
7162 12723 6500 1067 5073 2019 5217
4174 2391 2282 7546 6675 6830 4183
4474 37376 4509 5976 4737 7031 5025
7407 23945 242 1421 4082 1272 94
310 31506 310
5699 8403 5661 2259 7278 6611 799
2705 27965 1656 1174 5082 4802 7226
2002 6472 5880 5073 5914 6918 5278
3130 49287 3130
6529 33774 6529
7134 1569 4740 690 5968 4027 3444
382 26857 5955 283 7029 346 6604
2103 9823 3374 304 799 6545 936
1169 21661 2724 1492 1017 1674 6094
6983 43353 6983
4620 30257 4759 3985 3843 2959 5637
3342 4871 2197 4253 5094 5956 3032
3924 49121 3924
797 31603 7043 4458 4666 5928 6614
7531 47992 7531
1180 44149 1180
6349 11544 5020 54 4556 1777 3185
6575 4678 1096 178 486 5722 6662
7187 9894 4037 4715 28 4060 7103
4573 39045 4573
1714 18323 4512 4106 2007 6543 1163
5634 9823 645 4717 622 2297 7177
7314 19581 2184 1760 5410 6501 6946
7079 40987 7079
1679 29882 1679
7541 39100 2347 2559 3624 1352 1759
6674 37257 6674
4637 40839 4637
359 19672 359
7221 31947 7120 2538 4202 4543 7375
6994 38318 6994
2663 6857 2961 4323 2768 5799 2927
2663 29246 2961 156 4323 5667 2768
619 6380 4406 3362 888 909 1489
6675 26579 6675
3385 17770 3385
6498 21567 5241 3120 5307 4752 6342
7546 14935 7546
7279 12783 6879 3679 2748 2893 4731
65 40145 65
3250 46325 3250
2764 13459 478 6800 428 4196 5516
2399 43650 2399
1607 4632 1681 5473 4994 6791 5516
1055 1121 2184 6756 6946 199 1003
1815 28596 1176 7298 1242 2532 5159
773 39633 1549 1410 5960 388 1765
803 30414 1825 6450 1164 1109 3681
3778 30918 4683 7374 6426 4403 2251
6794 24801 6193 6791 4420 3884 4464
2914 15296 5529 5310 6841 4338 5906
5791 5476 5575 5278 5914 3470 1056
2215 14204 2796 2184 5351 2649 5282
7108 19702 3908 3514 2456 1135 310
4132 18772 4132
7533 31251 7131 3996 3761 6104 4406
3402 27499 179 5369 7568 3365 2874
951 47877 951
4413 3086 1703 2560 7018 6655 6607
4292 13024 1036 5924 1653 3475 3779
6862 39608 3686 5448 3518 6213 4682
259 45379 259
1991 16031 2093 851 5094 3414 4019
3884 30859 3884
373 47461 373
7157 48758 7157
4658 3610 777 6052 178 1091 5372
3871 38883 3871
1817 26227 3859 5104 4414 6930 3853
1248 33948 2391 736 2562 603 3689
1819 24228 3827 4967 7437 1366 1747
5937 32967 5937
6703 34056 1560 7015 407 7402 5479
6781 47154 6781
2395 30734 2395
5806 27093 4542 5924 4638 1236 1452
4230 22964 4230
6980 16825 4500 7188 2002 480 2369
323 6724 2921 4191 5803 6870 3185
1133 12588 1689 550 5743 1063 556
902 48095 902
5765 44298 5765
5554 20448 1017 2724 7423 4760 641
5792 1391 1056 6918 3470 304 5880
5827 41958 5827
847 5165 3374 6918 6900 799 6733
3037 30118 6274 4562 3666 2297 545
6530 3809 4546 1924 2927 7101 1486
6770 23582 480 5914 4500 2729 6957
3109 19728 5906 3779 1366 6063 2371
5141 12736 5881 817 474 5129 517
7163 11488 257 6370 1056 4588 6733
5689 45990 5689
1724 49196 1724
1169 40276 2630 4597 2182 6603 2724
4425 32226 4425
596 19746 596
1386 49242 1386
1212 20505 6649 6523 4531 7064 7545
6222 1684 3819 5633 4269 7402 412
7384 21265 7227 5523 1143 7249 4049
4823 30212 4823
6748 2853 7424 1798 6092 1858 755
3630 15563 2325 3523 3641 5867 1665
1158 44556 1158
5416 49881 5416
6416 17215 5726 7508 6096 4404 6485
6312 8931 302 1777 7524 5725 4003
6565 48783 6565
1849 8808 4949 5929 4921 2533 1474
7303 25585 5861 5436 6102 3080 1527
2098 48047 323 3667 1165 6312 5404
1815 43043 1815
2622 19588 6493 5333 6451 1462 1389
5542 15895 3672 2258 1346 6164 6533
2007 31555 2007
2587 5565 2587
2173 17411 6808 859 3827 1366 3689
4631 2201 4183 5529 3420 7546 5924
7407 41869 7407
6524 30415 6524
5447 44827 5447
1611 41565 1611
201 36558 201
5851 3904 6662 6052 777 1461 6082
4774 7385 799 5661 7278 6639 28
1668 22883 1363 3652 6662 811 5206
6485 37892 6485
3392 26678 3392
3362 30572 3362
6490 14547 6490
3016 10877 7423 5289 1580 7354 1017
3306 30243 3440 2589 4755 7344 7150
7251 30149 3923 397 3362 3375 4684
4999 47886 4999
3275 40803 3275
644 33117 644
6101 6294 94 7523 787 4770 686
5399 39961 4560 2724 6273 6242 1017
6923 45298 6923
7474 20270 3890 941 3940 5139 3106
3485 49905 3485
5904 2210 4518 6984 774 2062 3631
669 5902 872 6733 3374 6769 6431
5256 2820 4183 5058 5529 6067 3420
1166 12161 5691 4329 1909 1121 5959
2507 38238 2507
2434 34383 2434
4436 3558 1674 560 3463 3019 2724
5335 24486 973 7123 7104 7143 2406
3293 48882 5171 4249 2158 6030 3959
3449 16153 3449
860 14598 28 6611 4037 1362 7278
43 36595 43
3438 3848 4021 544 6067 6675 3853
7244 33899 7244
5211 33198 5211
965 29228 1952 4149 4184 4007 7184
4057 32198 6653 5645 3918 1601 7532
3716 1572 4269 534 1916 5803 581
1834 17933 4358 273 5223 433 5611
3031 27993 3981 3617 2562 855 3601
6993 3940 4471 3420 4183 6179 6524
2860 11102 7032 433 360 2020 7469
5914 42576 5914
1326 24549 1326
4213 48383 4213
541 8722 541
6028 11717 7177 5753 3704 4814 4415
709 37175 709
5205 14908 105 5753 1611 4892 5502
92 7812 1242 3087 7018 6966 461
4875 12387 4875
3615 33038 2681 3309 6251 5928 2983
7133 12370 7133
3093 15236 3093
1628 44192 1179 7238 2708 6579 5249
464 36029 464
3429 3635 3022 789 6156 2338 6189
2929 44620 2369 6980 4985 7188 1299
4311 47096 4311
2921 44968 2921
1631 26803 4093 3472 4932 6029 3817
4918 38898 4918
3922 7297 6639 542 4887 7568 6500
3589 30646 3589
915 11224 7284 5433 178 2649 1689
2189 32826 4655 4803 10 7129 1664
6128 38535 6128
3446 8355 3512 2768 2960 3540 2961
3506 29303 5864 5411 3674 2333 551
2461 12445 1613 6524 6830 3981 5666
1898 37452 4422 4376 3016 3413 7043
2456 40550 2456
7529 19961 3744 6653 643 454 985
3426 11056 3827 6675 5993 4021 5822
5207 23467 5207
1257 19358 1257
361 49628 361
2610 10565 3670 7122 6179 5641 4722
5190 27329 6351 997 4712 2523 4451
3844 42750 3844
3888 36712 3888
4960 46491 4960
3984 15000 461 5526 6536 2587 1025
5566 27469 6029 674 5611 3490 4932
3046 24280 3509 2533 6517 6357 6389
4696 46714 3509 1000 5985 3916 4388
2133 22906 2133
7083 25020 7083
5572 7413 1096 6458 4451 6946 5722
4082 17096 1421 242 94 3949 1272
4532 14256 6001 6572 3907 2102 1486
1247 33163 695 4967 6123 3827 3779
391 32617 5704 4095 3734 6242 2257
3091 49522 3091
6245 17611 6245
4344 20968 4344
1094 14612 5978 4924 4715 951 2019
2169 49916 2169
5059 23291 3641 2584 7234 187 2698
4718 26765 4718
1684 12769 5020 1112 4994 4159 1338
5718 24588 5730 360 7109 5025 5462
6297 20169 5141 817 529 4960 3679
1637 21203 1092 5869 5596 2498 800
44 49229 44
5520 40342 796 2155 1553 4596 7131
2968 44974 2968
5004 45451 5004
5086 24025 380 4767 6199 5932 4170
2032 23207 4067 1617 3849 7198 1236
4525 36880 7522 590 274 3509 1035
1925 46195 2044 2480 4860 3710 3709
401 22224 4933 317 878 1704 4027
1518 38014 1518
6873 20803 1653 4021 6063 3827 6675
6948 6229 6948
3819 30933 3819
6816 23572 6816
3386 26902 807 659 620 1651 4491
114 30984 6344 3809 99 3099 83
141 40885 141
5067 40170 5067
246 38054 246
5744 42146 4985 6240 4060 4444 1014
4210 21607 2198 7514 4338 3387 5087
2171 5379 2293 6791 705 4874 4973
6405 2248 4740 3216 4027 690 5968
247 45881 328 3454 2995 3266 4654
638 6781 4544 2135 1591 6490 6828
2769 2901 1777 5725 3641 3752 5717
4323 12813 4323
4223 3946 4223
5484 1528 4405 2323 5779 2665 1858
3226 12529 7122 5641 5527 6179 4414
5333 43969 5333
6720 36522 6720
1870 42564 1870
4776 47100 4776
203 14145 7298 5973 5895 7227 2867
1987 27344 5804 1813 1421 987 4404
7039 10232 7039
2696 2987 1059 7499 785 1527 4979
3532 31750 3532
380 34044 380
311 39907 311
6965 20267 3449 5973 2867 5271 6153
1614 12850 1135 1527 2370 2853 3362
2560 23847 2560
7049 49409 7049
4299 46452 4097 1362 451 6891 4317
7491 5129 6871 4478 4034 4011 1269
7016 42101 7016
3083 26916 2659 5435 6744 276 4627
2672 48935 4050 4897 6013 1584 4416
2554 28767 5842 4523 2396 892 2752
5788 18348 4684 3933 5403 4949 4438
5867 31362 5867
7307 3752 5848 5759 942 428 4269
6035 24148 4691 4037 7187 5711 6604
998 13073 6431 2002 5880 3577 6545
727 14319 4970 2325 5848 5134 85
5878 14974 2624 5096 5636 5415 2242
1753 44842 1753
5853 34994 5853
3678 16355 3678
1404 13235 7524 1350 5516 5803 5042
1843 18282 3967 4303 1352 7200 4918
5644 3565 5529 5987 653 3420 4183
4745 41275 4745
2851 14118 2147 4748 132 3051 613
2165 27447 1024 3291 379 5848 1282
7396 33148 2135 4544 6883 3163 3539
1983 17209 1821 1416 7071 4724 1438
5303 45536 5303
7430 15683 2436 716 4265 7239 3915
6537 5183 1135 7538 6481 397 3362
3097 14048 480 4060 4491 28 620
1127 33670 6524 84 5676 1762 1904
2724 28057 2724
1151 29762 3582 6368 3931 268 3526
6738 9262 2912 2420 5096 5083 42
3506 45727 3506
4581 9106 6063 1366 6830 5676 6366
5523 48344 5523
1786 11873 7186 6986 4715 6500 4924
238 45679 5058 579 1058 2688 5846
286 37339 978 6301 6549 2007 680
56 5214 3463 1674 5332 4760 2946
5324 14218 3579 1525 3884 7524 648
7128 28177 53 3960 5325 2910 4265
912 30431 450 6604 179 3365 1430
6257 37808 6257
975 41924 975
6391 6967 4464 3888 4854 4660 3722
6049 46046 1851 72 5222 2702 177
2046 17892 2046
2973 26354 2789 2019 3096 7186 6846
1130 18811 1130
137 24380 137
6599 6588 6104 774 2853 1527 2190
592 32765 592
4752 13643 1182 476 1635 5559 3120
4360 35928 5581 7332 1136 543 4933
3189 24246 3189
2584 7623 6878 428 4269 5717 3641
3637 41941 3637
5395 5774 5210 2709 6076 6099 5073
3650 2197 1591 290 18 5823 4326
4568 17834 1859 2702 2187 18 6212
5208 20406 4740 7508 892 4404 2401
1603 48468 1603
4218 47987 4218
5962 2806 4233 5007 3002 3394 5970
5663 19407 1904 2780 1366 5563 7560
3768 26773 3768
6100 44117 6100
7054 19984 6307 2809 6118 6370 6790
1814 7115 6002 6672 6067 1613 3420
2356 37557 1525 3933 1350 4269 2584
3360 8271 3624 2347 4918 4724 5357
4691 16119 4691
1749 15134 1749
5962 33213 6931 4233 6187 4123 255
4821 24313 4821
7235 6472 2621 4546 3444 2893 5129
7318 42082 7318
6338 22091 6338
3843 26604 3843
161 38286 5799 4983 5175 1570 4323
7263 8543 805 2389 6946 1627 4824
1471 27529 6733 6070 3324 1233 5463
1663 49112 1663
5579 16795 4712 6946 1461 559 4451
1492 35487 1492
1396 5100 5929 1489 3362 2190 4949
7441 24084 7441
4130 12990 251 1418 3487 4816 5239
3659 22295 5932 6611 5210 1907 28
1573 13742 1456 4225 5822 2282 1450
1146 19536 2380 1580 7309 4214 1044
1247 40520 1247
4710 37200 4710
3342 22155 4046 6922 2197 4253 6497
3873 14020 4115 5698 132 613 6381
3204 6057 40 5047 2921 5473 412
3448 10688 3448
6211 38221 6245 3910 6423 2486 6135
7185 44802 7185
2979 15240 2473 5321 480 2877 6891
5819 40858 5985 4706 2039 3202 1614
1620 24111 1620
2770 30474 2770
2035 34629 2035
4764 29561 5651 6153 6581 3628 4007
1413 20865 1413
4786 8874 1255 673 147 5701 4011
7271 41762 7271
3146 13961 3146
1786 16428 7186 4176 6986 4715 6500
7522 38506 7522
269 48986 269
4521 43738 4012 4400 3062 6860 1053
304 16715 304
2365 49274 2365
7031 31288 7031
7148 47521 7148
7331 14536 2147 6055 4471 1333 6179
5777 5948 1119 2587 7018 2724 59
4948 16609 4948
99 31455 99
4190 21569 3145 5656 2256 527 2893
1821 32751 1821
5087 39933 5087
5444 23558 848 6927 2474 1166 5038
6470 25706 2910 5325 3960 2436 1601
355 41883 2183 668 1478 4390 7350
5777 3110 1119 7018 2724 2273 4095
968 3784 7420 2377 352 1777 2733
2689 17421 5133 6813 5198 4176 5017
4191 6847 4191
1563 33277 6242 1017 2724 1278 1119
7443 26678 7443
2762 34105 2762
893 30893 1967 7119 2102 1019 6348
872 26627 872
5295 15142 5583 1635 7469 360 5611
1974 17764 4858 5058 7127 2141 5199
141 15757 2293 5479 3822 4139 1708
7035 41523 4235 3286 4382 1377 1184
461 26555 461
2542 38199 2542
763 20185 6162 3352 5822 7486 7560
245 8590 777 5433 178 7284 184
3595 3751 3588 1674 2724 7240 7309
4605 38570 5870 2363 3453 7325 262
752 9863 3967 1909 7200 6090 4997
1904 24951 1904
5020 7326 5020
1588 21927 1588
7534 8019 4544 1433 4718 274 2853
6833 45981 6833
7277 38363 7277
5042 14708 5042
1518 3847 4540 4133 4326 1858 1059
6198 30668 1932 3950 2809 6370 6551
3584 3488 3584
914 41975 4118 987 4515 7117 3540
4896 6039 2427 6092 4165 785 7424
1852 12104 5881 2748 3555 4109 5129
4654 15628 3809 5521 3588 138 3146
5872 15330 3688 2409 3710 4355 3453
3513 35208 6630 3806 1063 3106 3890
1631 21622 4093 3472 4932 3817 3062
2647 36654 2647
2877 15631 2877
2902 10554 1907 713 4767 5210 542
3570 40507 3570
7417 7101 5354 4326 4540 7086 1231
711 18894 711
5562 9705 6180 1739 5970 6867 7207
2331 4314 4471 3032 4183 3420 6055
3341 35181 6539 1770 6771 1138 3090
6606 13195 6285 3853 5337 389 4414
3406 44357 3406
5186 2995 6990 5880 2809 901 4844
7330 3823 6381 4183 1906 2258 6727
91 2883 486 4824 4233 5372 5970
5488 33371 6277 4095 1580 2571 4745
7306 26124 7033 5515 3268 5725 2507
1696 23297 805 5351 2013 2523 1461
3394 27511 3394
687 40914 7187 7103 4941 620 5643
4556 25502 4556
6447 29586 6447
2797 18991 2633 2456 3655 5415 1015
2984 30244 2984
4680 6139 5978 2809 4844 6209 5073
5460 9579 3374 2114 4588 2410 799
2914 16353 5529 5310 6841 4338 6772
6315 8006 304 3374 799 6545 1362
7026 47044 7026
178 9182 178
1318 40272 4994 2921 4191 4290 5803
5321 13143 5321
1434 37177 2168 1909 3967 4508 4160
4206 10711 7200 1188 5267 1463 4093
5356 15158 5356
6110 43114 6110
1896 22462 6466 3128 6649 6053 2170
5257 13986 7200 3967 1316 4918 1188
3596 14756 2724 4760 461 4611 59
7543 41853 7543
4781 32752 3817 5318 4012 4724 4265
6865 7533 6865
5831 39135 5831
49 45553 49
4447 28419 78 2152 1874 3819 5358
5808 37385 4562 398 2795 5934 164
4387 18718 4387
669 13187 669
4746 32078 4746
3322 44000 7477 7267 3669 1172 1849
2272 25263 2272
1749 15357 1749
7441 17571 7441
6417 5784 4329 2392 3553 2474 6090
3290 31307 1971 4849 5550 6012 6871
4025 8852 5101 5065 6930 653 5199
5284 42050 5284
476 6113 476
3442 21148 2869 711 4976 4106 5016
3849 47641 3849
1357 35611 6469 6090 682 1909 3423
3706 42085 6763 4009 6041 755 666
